(-2,1) (1,1) (1,0) (-2,0)
 (3, 1)
(-2,0) (6,0) (6,0) (-2,0)
 (8, 0)
(-1,3) (5,3) (5,0) (-1,0)
 (6, 3)
(-12,2) (5,2) (5,0) (-12,0)
 (17, 2)
(-5,1) (6,1) (6,-3) (-5,-3)
 (11, 4)


(-1,6) (16,6) (16,-2) (-1,-2)
 (17, 8)
(-31,8) (16,8) (16,-1) (-31,-1)
 (47, 9)
(-26,8) (15,8) (15,-18) (-26,-18)
 (41, 26)
(-21,8) (67,8) (67,-7) (-21,-7)
 (88, 15)
(-88,22) (20,22) (20,-43) (-88,-43)
 (108, 65)
(-82,19) (195,19) (195,-41) (-82,-41)
 (277, 60)
(-88,109) (114,109) (114,-40) (-88,-40)
 (202, 149)
(-266,32) (18,32) (18,-52) (-266,-52)
 (284, 84)
(-246,18) (403,18) (403,-130) (-246,-130)
 (649, 148)
(-175,288) (476,288) (476,-130) (-175,-130)
 (651, 418)
(-1120,203) (422,203) (422,-130) (-1120,-130)
 (1542, 333)
(-449,37) (548,37) (548,-421) (-449,-421)
 (997, 458)
(-74,563) (1374,563) (1374,-320) (-74,-320)
 (1448, 883)
(-2869,745) (1374,745) (1374,-215) (-2869,-215)
 (4243, 960)
(-2375,714) (1273,714) (1273,-1725) (-2375,-1725)
 (3648, 2439)
